[

{"formations": [	{"loc": [200, 200], "size": [51, 51], "texture": "1f5ff"}, 
					{"loc": [60, 300], "size": [51, 51], "texture": "1f5ff"}], 

					"money": 5000, "status": "ongoing", "num_allowed_remaining": 30}, 

{"formations": [	{"loc": [0, 0], "size": [31, 31], "texture": "1f418"}, 
					{"loc": [200, 200], "size": [51, 51], "texture": "1f5ff"}, 
					{"loc": [60, 300], "size": [51, 51], "texture": "1f5ff"}], 

					"money": 5000, "status": "ongoing", "num_allowed_remaining": 30}, 

{"formations": [	{"loc": [30, 0], "size": [31, 31], "texture": "1f418"}, 
					{"loc": [0, 0], "size": [31, 31], "texture": "1f418"}, 
					{"loc": [60, 300], "size": [51, 51], "texture": "1f5ff"}, 
					{"loc": [20, 80], "size": [31, 31], "texture": "1f46e"}, 
					{"loc": [200, 200], "size": [51, 51], "texture": "1f5ff"}], 

					"money": 4900, "status": "ongoing", "num_allowed_remaining": 30}, 

{"formations": [	{"loc": [50, 10], "size": [31, 31], "texture": "1f418"}, 
					{"loc": [30, 0], "size": [31, 31], "texture": "1f418"}, 
					{"loc": [60, 300], "size": [51, 51], "texture": "1f5ff"}, 
					{"loc": [20, 80], "size": [31, 31], "texture": "1f46e"}, 
					{"loc": [20, 80], "size": [11, 11], "texture": "1f34e"}, 
					{"loc": [200, 200], "size": [51, 51], "texture": "1f5ff"}, 
					{"loc": [0, 0], "size": [31, 31], "texture": "1f418"}], 

					"money": 4900, "status": "ongoing", "num_allowed_remaining": 30}, 

{"formations": [	{"loc": [20, 80], "size": [11, 11], "texture": "1f34e"}, 
					{"loc": [0, 0], "size": [31, 31], "texture": "1f418"}, 
					{"loc": [60, 165], "size": [31, 31], "texture": "1f472"}, 
					{"loc": [50, 40], "size": [31, 31], "texture": "1f418"}, 
					{"loc": [50, 10], "size": [31, 31], "texture": "1f418"}, 
					{"loc": [60, 300], "size": [51, 51], "texture": "1f5ff"}, 
					{"loc": [20, 80], "size": [31, 31], "texture": "1f46e"}, 
					{"loc": [34.92555785314984, 81.49255578531498], "size": [11, 11], "texture": "1f34e"}, 
					{"loc": [200, 200], "size": [51, 51], "texture": "1f5ff"}, 
					{"loc": [30, 0], "size": [31, 31], "texture": "1f418"}], 

					"money": 4650, "status": "ongoing", "num_allowed_remaining": 30}, 

{"formations": [	{"loc": [34.7087101353638, 82.94174202707276], "size": [11, 11], "texture": "1f34e"}, 
					{"loc": [30, 0], "size": [31, 31], "texture": "1f418"}, 
					{"loc": [60, 165], "size": [31, 31], "texture": "1f472"}, 
					{"loc": [20, 80], "size": [11, 11], "texture": "1f34e"}, 
					{"loc": [80, 40], "size": [31, 31], "texture": "1f418"}, 
					{"loc": [0, 0], "size": [31, 31], "texture": "1f418"}, 
					{"loc": [50, 40], "size": [31, 31], "texture": "1f418"}, 
					{"loc": [60, 300], "size": [51, 51], "texture": "1f5ff"}, 
					{"loc": [20, 80], "size": [31, 31], "texture": "1f46e"}, 
					{"loc": [49.85111570629968, 82.98511157062995], "size": [11, 11], "texture": "1f34e"}, 
					{"loc": [200, 200], "size": [51, 51], "texture": "1f5ff"}, 
					{"loc": [50, 10], "size": [31, 31], "texture": "1f418"}], 

					"money": 4650, "status": "ongoing", "num_allowed_remaining": 30}, 

{"formations": [	{"loc": [49.417420270727604, 85.88348405414553], "size": [11, 11], "texture": "1f34e"}, 
					{"loc": [50, 10], "size": [31, 31], "texture": "1f418"}, 
					{"loc": [60, 165], "size": [31, 31], "texture": "1f472"}, 
					{"loc": [34.62370600745385, 83.33874566380224], "size": [11, 11], "texture": "1f34e"}, 
					{"loc": [90, 20], "size": [31, 31], "texture": "1f418"}, 
					{"loc": [30, 0], "size": [31, 31], "texture": "1f418"}, 
					{"loc": [20, 80], "size": [11, 11], "texture": "1f34e"}, 
					{"loc": [80, 40], "size": [31, 31], "texture": "1f418"}, 
					{"loc": [60, 300], "size": [51, 51], "texture": "1f5ff"}, 
					{"loc": [0, 0], "size": [31, 31], "texture": "1f418"}, 
					{"loc": [20, 80], "size": [31, 31], "texture": "1f46e"}, 
					{"loc": [300, 165], "size": [31, 31], "texture": "1f472"}, 
					{"loc": [64.77667355944952, 84.47766735594493], "size": [11, 11], "texture": "1f34e"}, 
					{"loc": [200, 200], "size": [51, 51], "texture": "1f5ff"}, 
					{"loc": [50, 40], "size": [31, 31], "texture": "1f418"}], 

					"money": 4400, "status": "ongoing", "num_allowed_remaining": 30}, 

{"formations": [	{"loc": [0, 0], "size": [31, 31], "texture": "1f418"}, 
					{"loc": [64.1261304060914, 88.82522608121829], "size": [11, 11], "texture": "1f34e"}, 
					{"loc": [50, 40], "size": [31, 31], "texture": "1f418"}, 
					{"loc": [60, 165], "size": [31, 31], "texture": "1f472"}, 
					{"loc": [49.247412014907695, 86.67749132760449], "size": [11, 11], "texture": "1f34e"}, 
					{"loc": [110, 10], "size": [31, 31], "texture": "1f418"}, 
					{"loc": [50, 10], "size": [31, 31], "texture": "1f418"}, 
					{"loc": [20, 80], "size": [11, 11], "texture": "1f34e"}, 
					{"loc": [34.49094854524204, 83.8745851725246], "size": [11, 11], "texture": "1f34e"}, 
					{"loc": [90, 20], "size": [31, 31], "texture": "1f418"}, 
					{"loc": [60, 300], "size": [51, 51], "texture": "1f5ff"}, 
					{"loc": [30, 0], "size": [31, 31], "texture": "1f418"}, 
					{"loc": [20, 80], "size": [31, 31], "texture": "1f46e"}, 
					{"loc": [300, 165], "size": [31, 31], "texture": "1f472"}, 
					{"loc": [79.70223141259936, 85.97022314125991], "size": [11, 11], "texture": "1f34e"}, 
					{"loc": [200, 200], "size": [51, 51], "texture": "1f5ff"}, 
					{"loc": [80, 40], "size": [31, 31], "texture": "1f418"}], 

					"money": 4400, "status": "ongoing", "num_allowed_remaining": 30}, 

{"formations": [	{"loc": [30, 0], "size": [31, 31], "texture": "1f418"}, 
					{"loc": [20, 80], "size": [11, 11], "texture": "1f34e"}, 
					{"loc": [0, 0], "size": [31, 31], "texture": "1f418"}, 
					{"loc": [130, 20], "size": [31, 31], "texture": "1f418"}, 
					{"loc": [110, 10], "size": [31, 31], "texture": "1f418"}, 
					{"loc": [20, 80], "size": [31, 31], "texture": "1f46e"}, 
					{"loc": [94.6277892657492, 87.46277892657488], "size": [11, 11], "texture": "1f34e"}, 
					{"loc": [90, 20], "size": [31, 31], "texture": "1f418"}, 
					{"loc": [78.83484054145521, 91.76696810829105], "size": [11, 11], "texture": "1f34e"}, 
					{"loc": [80, 40], "size": [31, 31], "texture": "1f418"}, 
					{"loc": [60, 165], "size": [31, 31], "texture": "1f472"}, 
					{"loc": [63.87111802236154, 90.01623699140673], "size": [11, 11], "texture": "1f34e"}, 
					{"loc": [50, 40], "size": [31, 31], "texture": "1f418"}, 
					{"loc": [48.98189709048408, 87.74917034504921], "size": [11, 11], "texture": "1f34e"}, 
					{"loc": [60, 300], "size": [51, 51], "texture": "1f5ff"}, 
					{"loc": [50, 10], "size": [31, 31], "texture": "1f418"}, 
					{"loc": [300, 165], "size": [31, 31], "texture": "1f472"}, 
					{"loc": [200, 200], "size": [51, 51], "texture": "1f5ff"}, 
					{"loc": [34.49094854524204, 83.8745851725246], "size": [11, 11], "texture": "1f34e"}], 

					"money": 4400, "status": "ongoing", "num_allowed_remaining": 30}, 

{"formations": [	{"loc": [50, 10], "size": [31, 31], "texture": "1f418"}, 
					{"loc": [34.49094854524204, 83.8745851725246], "size": [11, 11], "texture": "1f34e"}, 
					{"loc": [30, 0], "size": [31, 31], "texture": "1f418"}, 
					{"loc": [20, 80], "size": [11, 11], "texture": "1f34e"}, 
					{"loc": [0, 0], "size": [31, 31], "texture": "1f418"}, 
					{"loc": [130, 50], "size": [31, 31], "texture": "1f418"}, 
					{"loc": [130, 20], "size": [31, 31], "texture": "1f418"}, 
					{"loc": [20, 80], "size": [31, 31], "texture": "1f46e"}, 
					{"loc": [109.55334711889904, 88.95533471188986], "size": [11, 11], "texture": "1f34e"}, 
					{"loc": [110, 10], "size": [31, 31], "texture": "1f418"}, 
					{"loc": [93.54355067681901, 94.70871013536382], "size": [11, 11], "texture": "1f34e"}, 
					{"loc": [90, 20], "size": [31, 31], "texture": "1f418"}, 
					{"loc": [60, 165], "size": [31, 31], "texture": "1f472"}, 
					{"loc": [78.49482402981539, 93.35498265520897], "size": [11, 11], "texture": "1f34e"}, 
					{"loc": [80, 40], "size": [31, 31], "texture": "1f418"}, 
					{"loc": [63.472845635726124, 91.62375551757381], "size": [11, 11], "texture": "1f34e"}, 
					{"loc": [60, 300], "size": [51, 51], "texture": "1f5ff"}, 
					{"loc": [50, 40], "size": [31, 31], "texture": "1f418"}, 
					{"loc": [300, 165], "size": [31, 31], "texture": "1f472"}, 
					{"loc": [200, 200], "size": [51, 51], "texture": "1f5ff"}, 
					{"loc": [48.98189709048408, 87.74917034504921], "size": [11, 11], "texture": "1f34e"}], 

					"money": 4400, "status": "ongoing", "num_allowed_remaining": 30}, 

{"formations": [	{"loc": [50, 40], "size": [31, 31], "texture": "1f418"}, 
					{"loc": [48.98189709048408, 87.74917034504921], "size": [11, 11], "texture": "1f34e"}, 
					{"loc": [50, 10], "size": [31, 31], "texture": "1f418"}, 
					{"loc": [34.49094854524204, 83.8745851725246], "size": [11, 11], "texture": "1f34e"}, 
					{"loc": [30, 0], "size": [31, 31], "texture": "1f418"}, 
					{"loc": [20, 80], "size": [11, 11], "texture": "1f34e"}, 
					{"loc": [130, 50], "size": [31, 31], "texture": "1f418"}, 
					{"loc": [0, 0], "size": [31, 31], "texture": "1f418"}, 
					{"loc": [20, 80], "size": [31, 31], "texture": "1f46e"}, 
					{"loc": [130, 20], "size": [31, 31], "texture": "1f418"}, 
					{"loc": [108.25226081218281, 97.65045216243658], "size": [11, 11], "texture": "1f34e"}, 
					{"loc": [110, 10], "size": [31, 31], "texture": "1f418"}, 
					{"loc": [60, 165], "size": [31, 31], "texture": "1f472"}, 
					{"loc": [93.11853003726924, 96.69372831901121], "size": [11, 11], "texture": "1f34e"}, 
					{"loc": [90, 20], "size": [31, 31], "texture": "1f418"}, 
					{"loc": [77.96379418096816, 95.49834069009842], "size": [11, 11], "texture": "1f34e"}, 
					{"loc": [60, 300], "size": [51, 51], "texture": "1f5ff"}, 
					{"loc": [80, 40], "size": [31, 31], "texture": "1f418"}, 
					{"loc": [300, 165], "size": [31, 31], "texture": "1f472"}, 
					{"loc": [200, 200], "size": [51, 51], "texture": "1f5ff"}, 
					{"loc": [63.472845635726124, 91.62375551757381], "size": [11, 11], "texture": "1f34e"}], 

					"money": 4401, "status": "ongoing", "num_allowed_remaining": 30}, 

{"formations": [	{"loc": [80, 40], "size": [31, 31], "texture": "1f418"}, 
					{"loc": [63.472845635726124, 91.62375551757381], "size": [11, 11], "texture": "1f34e"}, 
					{"loc": [50, 40], "size": [31, 31], "texture": "1f418"}, 
					{"loc": [48.98189709048408, 87.74917034504921], "size": [11, 11], "texture": "1f34e"}, 
					{"loc": [50, 10], "size": [31, 31], "texture": "1f418"}, 
					{"loc": [20, 80], "size": [11, 11], "texture": "1f34e"}, 
					{"loc": [34.49094854524204, 83.8745851725246], "size": [11, 11], "texture": "1f34e"}, 
					{"loc": [30, 0], "size": [31, 31], "texture": "1f418"}, 
					{"loc": [20, 80], "size": [31, 31], "texture": "1f46e"}, 
					{"loc": [0, 0], "size": [31, 31], "texture": "1f418"}, 
					{"loc": [130, 50], "size": [31, 31], "texture": "1f418"}, 
					{"loc": [130, 20], "size": [31, 31], "texture": "1f418"}, 
					{"loc": [60, 165], "size": [31, 31], "texture": "1f472"}, 
					{"loc": [107.74223604472309, 100.03247398281346], "size": [11, 11], "texture": "1f34e"}, 
					{"loc": [110, 10], "size": [31, 31], "texture": "1f418"}, 
					{"loc": [92.4547427262102, 99.37292586262302], "size": [11, 11], "texture": "1f34e"}, 
					{"loc": [60, 300], "size": [51, 51], "texture": "1f5ff"}, 
					{"loc": [90, 20], "size": [31, 31], "texture": "1f418"}, 
					{"loc": [300, 165], "size": [31, 31], "texture": "1f472"}, 
					{"loc": [200, 200], "size": [51, 51], "texture": "1f5ff"}, 
					{"loc": [77.96379418096816, 95.49834069009842], "size": [11, 11], "texture": "1f34e"}], 

					"money": 4402, "status": "ongoing", "num_allowed_remaining": 30}, 

{"formations": [	{"loc": [90, 20], "size": [31, 31], "texture": "1f418"}, 
					{"loc": [77.96379418096816, 95.49834069009842], "size": [11, 11], "texture": "1f34e"}, 
					{"loc": [80, 40], "size": [31, 31], "texture": "1f418"}, 
					{"loc": [63.472845635726124, 91.62375551757381], "size": [11, 11], "texture": "1f34e"}, 
					{"loc": [50, 40], "size": [31, 31], "texture": "1f418"}, 
					{"loc": [34.49094854524204, 83.8745851725246], "size": [11, 11], "texture": "1f34e"}, 
					{"loc": [48.98189709048408, 87.74917034504921], "size": [11, 11], "texture": "1f34e"}, 
					{"loc": [20, 80], "size": [11, 11], "texture": "1f34e"}, 
					{"loc": [50, 10], "size": [31, 31], "texture": "1f418"}, 
					{"loc": [20, 80], "size": [31, 31], "texture": "1f46e"}, 
					{"loc": [30, 0], "size": [31, 31], "texture": "1f418"}, 
					{"loc": [130, 80], "size": [31, 31], "texture": "1f418"}, 
					{"loc": [0, 0], "size": [31, 31], "texture": "1f418"}, 
					{"loc": [130, 50], "size": [31, 31], "texture": "1f418"}, 
					{"loc": [60, 165], "size": [31, 31], "texture": "1f472"}, 
					{"loc": [122.36594205217693, 103.3712196466157], "size": [11, 11], "texture": "1f34e"}, 
					{"loc": [130, 20], "size": [31, 31], "texture": "1f418"}, 
					{"loc": [106.94569127145223, 103.24751103514762], "size": [11, 11], "texture": "1f34e"}, 
					{"loc": [60, 300], "size": [51, 51], "texture": "1f5ff"}, 
					{"loc": [110, 10], "size": [31, 31], "texture": "1f418"}, 
					{"loc": [300, 165], "size": [31, 31], "texture": "1f472"}, 
					{"loc": [200, 200], "size": [51, 51], "texture": "1f5ff"}, 
					{"loc": [92.4547427262102, 99.37292586262302], "size": [11, 11], "texture": "1f34e"}], 

					"money": 4402, "status": "ongoing", "num_allowed_remaining": 30}, 

{"formations": [	{"loc": [110, 10], "size": [31, 31], "texture": "1f418"}, 
					{"loc": [92.4547427262102, 99.37292586262302], "size": [11, 11], "texture": "1f34e"}, 
					{"loc": [90, 20], "size": [31, 31], "texture": "1f418"}, 
					{"loc": [77.96379418096816, 95.49834069009842], "size": [11, 11], "texture": "1f34e"}, 
					{"loc": [80, 40], "size": [31, 31], "texture": "1f418"}, 
					{"loc": [48.98189709048408, 87.74917034504921], "size": [11, 11], "texture": "1f34e"}, 
					{"loc": [63.472845635726124, 91.62375551757381], "size": [11, 11], "texture": "1f34e"}, 
					{"loc": [34.49094854524204, 83.8745851725246], "size": [11, 11], "texture": "1f34e"}, 
					{"loc": [50, 40], "size": [31, 31], "texture": "1f418"}, 
					{"loc": [20, 80], "size": [31, 31], "texture": "1f46e"}, 
					{"loc": [20, 80], "size": [11, 11], "texture": "1f34e"}, 
					{"loc": [50, 10], "size": [31, 31], "texture": "1f418"}, 
					{"loc": [0, 0], "size": [31, 31], "texture": "1f418"}, 
					{"loc": [30, 0], "size": [31, 31], "texture": "1f418"}, 
					{"loc": [130, 80], "size": [31, 31], "texture": "1f418"}, 
					{"loc": [60, 165], "size": [31, 31], "texture": "1f472"}, 
					{"loc": [130, 50], "size": [31, 31], "texture": "1f418"}, 
					{"loc": [60, 300], "size": [51, 51], "texture": "1f5ff"}, 
					{"loc": [130, 20], "size": [31, 31], "texture": "1f418"}, 
					{"loc": [300, 165], "size": [31, 31], "texture": "1f472"}, 
					{"loc": [200, 200], "size": [51, 51], "texture": "1f5ff"}], 

					"money": 4403, "status": "ongoing", "num_allowed_remaining": 30}, 

{"formations": [	{"loc": [130, 20], "size": [31, 31], "texture": "1f418"}, 
					{"loc": [110, 10], "size": [31, 31], "texture": "1f418"}, 
					{"loc": [92.4547427262102, 99.37292586262302], "size": [11, 11], "texture": "1f34e"}, 
					{"loc": [90, 20], "size": [31, 31], "texture": "1f418"}, 
					{"loc": [63.472845635726124, 91.62375551757381], "size": [11, 11], "texture": "1f34e"}, 
					{"loc": [77.96379418096816, 95.49834069009842], "size": [11, 11], "texture": "1f34e"}, 
					{"loc": [48.98189709048408, 87.74917034504921], "size": [11, 11], "texture": "1f34e"}, 
					{"loc": [80, 40], "size": [31, 31], "texture": "1f418"}, 
					{"loc": [20, 80], "size": [31, 31], "texture": "1f46e"}, 
					{"loc": [34.49094854524204, 83.8745851725246], "size": [11, 11], "texture": "1f34e"}, 
					{"loc": [50, 40], "size": [31, 31], "texture": "1f418"}, 
					{"loc": [30, 0], "size": [31, 31], "texture": "1f418"}, 
					{"loc": [20, 80], "size": [11, 11], "texture": "1f34e"}, 
					{"loc": [50, 10], "size": [31, 31], "texture": "1f418"}, 
					{"loc": [60, 165], "size": [31, 31], "texture": "1f472"}, 
					{"loc": [130, 80], "size": [31, 31], "texture": "1f418"}, 
					{"loc": [60, 300], "size": [51, 51], "texture": "1f5ff"}, 
					{"loc": [130, 50], "size": [31, 31], "texture": "1f418"}, 
					{"loc": [300, 165], "size": [31, 31], "texture": "1f472"}, 
					{"loc": [200, 200], "size": [51, 51], "texture": "1f5ff"}, 
					{"loc": [0, 0], "size": [31, 31], "texture": "1f418"}], 

					"money": 4404, "status": "ongoing", "num_allowed_remaining": 30}, 

{"formations": [	{"loc": [130, 50], "size": [31, 31], "texture": "1f418"}, 
					{"loc": [0, 0], "size": [31, 31], "texture": "1f418"}, 
					{"loc": [130, 20], "size": [31, 31], "texture": "1f418"}, 
					{"loc": [110, 10], "size": [31, 31], "texture": "1f418"}, 
					{"loc": [77.96379418096816, 95.49834069009842], "size": [11, 11], "texture": "1f34e"}, 
					{"loc": [92.4547427262102, 99.37292586262302], "size": [11, 11], "texture": "1f34e"}, 
					{"loc": [63.472845635726124, 91.62375551757381], "size": [11, 11], "texture": "1f34e"}, 
					{"loc": [90, 20], "size": [31, 31], "texture": "1f418"}, 
					{"loc": [20, 80], "size": [31, 31], "texture": "1f46e"}, 
					{"loc": [48.98189709048408, 87.74917034504921], "size": [11, 11], "texture": "1f34e"}, 
					{"loc": [80, 40], "size": [31, 31], "texture": "1f418"}, 
					{"loc": [50, 10], "size": [31, 31], "texture": "1f418"}, 
					{"loc": [34.49094854524204, 83.8745851725246], "size": [11, 11], "texture": "1f34e"}, 
					{"loc": [50, 40], "size": [31, 31], "texture": "1f418"}, 
					{"loc": [20, 80], "size": [11, 11], "texture": "1f34e"}, 
					{"loc": [60, 165], "size": [31, 31], "texture": "1f472"}, 
					{"loc": [60, 300], "size": [51, 51], "texture": "1f5ff"}, 
					{"loc": [130, 80], "size": [31, 31], "texture": "1f418"}, 
					{"loc": [300, 165], "size": [31, 31], "texture": "1f472"}, 
					{"loc": [200, 200], "size": [51, 51], "texture": "1f5ff"}, 
					{"loc": [30, 0], "size": [31, 31], "texture": "1f418"}], 

					"money": 4405, "status": "ongoing", "num_allowed_remaining": 30}, 

{"formations": [	{"loc": [130, 80], "size": [31, 31], "texture": "1f418"}, 
					{"loc": [30, 0], "size": [31, 31], "texture": "1f418"}, 
					{"loc": [130, 50], "size": [31, 31], "texture": "1f418"}, 
					{"loc": [0, 0], "size": [31, 31], "texture": "1f418"}, 
					{"loc": [130, 20], "size": [31, 31], "texture": "1f418"}, 
					{"loc": [92.4547427262102, 99.37292586262302], "size": [11, 11], "texture": "1f34e"}, 
					{"loc": [77.96379418096816, 95.49834069009842], "size": [11, 11], "texture": "1f34e"}, 
					{"loc": [110, 10], "size": [31, 31], "texture": "1f418"}, 
					{"loc": [20, 80], "size": [31, 31], "texture": "1f46e"}, 
					{"loc": [63.472845635726124, 91.62375551757381], "size": [11, 11], "texture": "1f34e"}, 
					{"loc": [90, 20], "size": [31, 31], "texture": "1f418"}, 
					{"loc": [50, 40], "size": [31, 31], "texture": "1f418"}, 
					{"loc": [48.98189709048408, 87.74917034504921], "size": [11, 11], "texture": "1f34e"}, 
					{"loc": [80, 40], "size": [31, 31], "texture": "1f418"}, 
					{"loc": [34.49094854524204, 83.8745851725246], "size": [11, 11], "texture": "1f34e"}, 
					{"loc": [60, 165], "size": [31, 31], "texture": "1f472"}, 
					{"loc": [20, 80], "size": [11, 11], "texture": "1f34e"}, 
					{"loc": [60, 300], "size": [51, 51], "texture": "1f5ff"}, 
					{"loc": [300, 165], "size": [31, 31], "texture": "1f472"}, 
					{"loc": [200, 200], "size": [51, 51], "texture": "1f5ff"}, 
					{"loc": [50, 10], "size": [31, 31], "texture": "1f418"}], 

					"money": 4406, "status": "ongoing", "num_allowed_remaining": 30}, 

{"formations": [	{"loc": [50, 10], "size": [31, 31], "texture": "1f418"}, 
					{"loc": [130, 80], "size": [31, 31], "texture": "1f418"}, 
					{"loc": [30, 0], "size": [31, 31], "texture": "1f418"}, 
					{"loc": [130, 50], "size": [31, 31], "texture": "1f418"}, 
					{"loc": [0, 0], "size": [31, 31], "texture": "1f418"}, 
					{"loc": [92.4547427262102, 99.37292586262302], "size": [11, 11], "texture": "1f34e"}, 
					{"loc": [130, 20], "size": [31, 31], "texture": "1f418"}, 
					{"loc": [20, 80], "size": [31, 31], "texture": "1f46e"}, 
					{"loc": [77.96379418096816, 95.49834069009842], "size": [11, 11], "texture": "1f34e"}, 
					{"loc": [110, 10], "size": [31, 31], "texture": "1f418"}, 
					{"loc": [80, 40], "size": [31, 31], "texture": "1f418"}, 
					{"loc": [63.472845635726124, 91.62375551757381], "size": [11, 11], "texture": "1f34e"}, 
					{"loc": [90, 20], "size": [31, 31], "texture": "1f418"}, 
					{"loc": [48.98189709048408, 87.74917034504921], "size": [11, 11], "texture": "1f34e"}, 
					{"loc": [60, 165], "size": [31, 31], "texture": "1f472"}, 
					{"loc": [34.49094854524204, 83.8745851725246], "size": [11, 11], "texture": "1f34e"}, 
					{"loc": [60, 300], "size": [51, 51], "texture": "1f5ff"}, 
					{"loc": [20, 80], "size": [11, 11], "texture": "1f34e"}, 
					{"loc": [300, 165], "size": [31, 31], "texture": "1f472"}, 
					{"loc": [200, 200], "size": [51, 51], "texture": "1f5ff"}, 
					{"loc": [50, 40], "size": [31, 31], "texture": "1f418"}], 

					"money": 4407, "status": "ongoing", "num_allowed_remaining": 30}, 

{"formations": [	{"loc": [20, 80], "size": [11, 11], "texture": "1f34e"}, 
					{"loc": [50, 40], "size": [31, 31], "texture": "1f418"}, 
					{"loc": [50, 10], "size": [31, 31], "texture": "1f418"}, 
					{"loc": [130, 80], "size": [31, 31], "texture": "1f418"}, 
					{"loc": [0, 0], "size": [31, 31], "texture": "1f418"}, 
					{"loc": [30, 0], "size": [31, 31], "texture": "1f418"}, 
					{"loc": [130, 50], "size": [31, 31], "texture": "1f418"}, 
					{"loc": [20, 80], "size": [31, 31], "texture": "1f46e"}, 
					{"loc": [92.4547427262102, 99.37292586262302], "size": [11, 11], "texture": "1f34e"}, 
					{"loc": [130, 20], "size": [31, 31], "texture": "1f418"}, 
					{"loc": [90, 20], "size": [31, 31], "texture": "1f418"}, 
					{"loc": [77.96379418096816, 95.49834069009842], "size": [11, 11], "texture": "1f34e"}, 
					{"loc": [110, 10], "size": [31, 31], "texture": "1f418"}, 
					{"loc": [63.472845635726124, 91.62375551757381], "size": [11, 11], "texture": "1f34e"}, 
					{"loc": [60, 165], "size": [31, 31], "texture": "1f472"}, 
					{"loc": [48.98189709048408, 87.74917034504921], "size": [11, 11], "texture": "1f34e"}, 
					{"loc": [60, 300], "size": [51, 51], "texture": "1f5ff"}, 
					{"loc": [34.49094854524204, 83.8745851725246], "size": [11, 11], "texture": "1f34e"}, 
					{"loc": [300, 165], "size": [31, 31], "texture": "1f472"}, 
					{"loc": [200, 200], "size": [51, 51], "texture": "1f5ff"}, 
					{"loc": [80, 40], "size": [31, 31], "texture": "1f418"}], 

					"money": 4408, "status": "ongoing", "num_allowed_remaining": 30}, 

{"formations": [	{"loc": [34.49094854524204, 83.8745851725246], "size": [11, 11], "texture": "1f34e"}, 
					{"loc": [80, 40], "size": [31, 31], "texture": "1f418"}, 
					{"loc": [20, 80], "size": [11, 11], "texture": "1f34e"}, 
					{"loc": [50, 40], "size": [31, 31], "texture": "1f418"}, 
					{"loc": [30, 0], "size": [31, 31], "texture": "1f418"}, 
					{"loc": [50, 10], "size": [31, 31], "texture": "1f418"}, 
					{"loc": [0, 0], "size": [31, 31], "texture": "1f418"}, 
					{"loc": [130, 80], "size": [31, 31], "texture": "1f418"}, 
					{"loc": [20, 80], "size": [31, 31], "texture": "1f46e"}, 
					{"loc": [130, 50], "size": [31, 31], "texture": "1f418"}, 
					{"loc": [110, 10], "size": [31, 31], "texture": "1f418"}, 
					{"loc": [92.4547427262102, 99.37292586262302], "size": [11, 11], "texture": "1f34e"}, 
					{"loc": [130, 20], "size": [31, 31], "texture": "1f418"}, 
					{"loc": [77.96379418096816, 95.49834069009842], "size": [11, 11], "texture": "1f34e"}, 
					{"loc": [60, 165], "size": [31, 31], "texture": "1f472"}, 
					{"loc": [63.472845635726124, 91.62375551757381], "size": [11, 11], "texture": "1f34e"}, 
					{"loc": [60, 300], "size": [51, 51], "texture": "1f5ff"}, 
					{"loc": [48.98189709048408, 87.74917034504921], "size": [11, 11], "texture": "1f34e"}, 
					{"loc": [300, 165], "size": [31, 31], "texture": "1f472"}, 
					{"loc": [200, 200], "size": [51, 51], "texture": "1f5ff"}, 
					{"loc": [90, 20], "size": [31, 31], "texture": "1f418"}], 

					"money": 4409, "status": "ongoing", "num_allowed_remaining": 30}, 

{"formations": [	{"loc": [48.98189709048408, 87.74917034504921], "size": [11, 11], "texture": "1f34e"}, 
					{"loc": [90, 20], "size": [31, 31], "texture": "1f418"}, 
					{"loc": [34.49094854524204, 83.8745851725246], "size": [11, 11], "texture": "1f34e"}, 
					{"loc": [80, 40], "size": [31, 31], "texture": "1f418"}, 
					{"loc": [20, 80], "size": [11, 11], "texture": "1f34e"}, 
					{"loc": [50, 10], "size": [31, 31], "texture": "1f418"}, 
					{"loc": [50, 40], "size": [31, 31], "texture": "1f418"}, 
					{"loc": [30, 0], "size": [31, 31], "texture": "1f418"}, 
					{"loc": [20, 80], "size": [31, 31], "texture": "1f46e"}, 
					{"loc": [0, 0], "size": [31, 31], "texture": "1f418"}, 
					{"loc": [130, 80], "size": [31, 31], "texture": "1f418"}, 
					{"loc": [130, 20], "size": [31, 31], "texture": "1f418"}, 
					{"loc": [130, 50], "size": [31, 31], "texture": "1f418"}, 
					{"loc": [92.4547427262102, 99.37292586262302], "size": [11, 11], "texture": "1f34e"}, 
					{"loc": [60, 165], "size": [31, 31], "texture": "1f472"}, 
					{"loc": [77.96379418096816, 95.49834069009842], "size": [11, 11], "texture": "1f34e"}, 
					{"loc": [60, 300], "size": [51, 51], "texture": "1f5ff"}, 
					{"loc": [63.472845635726124, 91.62375551757381], "size": [11, 11], "texture": "1f34e"}, 
					{"loc": [300, 165], "size": [31, 31], "texture": "1f472"}, 
					{"loc": [200, 200], "size": [51, 51], "texture": "1f5ff"}, 
					{"loc": [110, 10], "size": [31, 31], "texture": "1f418"}], 

					"money": 4410, "status": "ongoing", "num_allowed_remaining": 30}, 

{"formations": [	{"loc": [63.472845635726124, 91.62375551757381], "size": [11, 11], "texture": "1f34e"}, 
					{"loc": [110, 10], "size": [31, 31], "texture": "1f418"}, 
					{"loc": [48.98189709048408, 87.74917034504921], "size": [11, 11], "texture": "1f34e"}, 
					{"loc": [90, 20], "size": [31, 31], "texture": "1f418"}, 
					{"loc": [34.49094854524204, 83.8745851725246], "size": [11, 11], "texture": "1f34e"}, 
					{"loc": [50, 40], "size": [31, 31], "texture": "1f418"}, 
					{"loc": [80, 40], "size": [31, 31], "texture": "1f418"}, 
					{"loc": [50, 10], "size": [31, 31], "texture": "1f418"}, 
					{"loc": [20, 80], "size": [11, 11], "texture": "1f34e"}, 
					{"loc": [20, 80], "size": [31, 31], "texture": "1f46e"}, 
					{"loc": [30, 0], "size": [31, 31], "texture": "1f418"}, 
					{"loc": [130, 50], "size": [31, 31], "texture": "1f418"}, 
					{"loc": [0, 0], "size": [31, 31], "texture": "1f418"}, 
					{"loc": [130, 80], "size": [31, 31], "texture": "1f418"}, 
					{"loc": [60, 165], "size": [31, 31], "texture": "1f472"}, 
					{"loc": [92.4547427262102, 99.37292586262302], "size": [11, 11], "texture": "1f34e"}, 
					{"loc": [60, 300], "size": [51, 51], "texture": "1f5ff"}, 
					{"loc": [77.96379418096816, 95.49834069009842], "size": [11, 11], "texture": "1f34e"}, 
					{"loc": [300, 165], "size": [31, 31], "texture": "1f472"}, 
					{"loc": [200, 200], "size": [51, 51], "texture": "1f5ff"}, 
					{"loc": [130, 20], "size": [31, 31], "texture": "1f418"}], 

					"money": 4411, "status": "ongoing", "num_allowed_remaining": 30}, 

{"formations": [	{"loc": [77.96379418096816, 95.49834069009842], "size": [11, 11], "texture": "1f34e"}, 
					{"loc": [130, 20], "size": [31, 31], "texture": "1f418"}, 
					{"loc": [63.472845635726124, 91.62375551757381], "size": [11, 11], "texture": "1f34e"}, 
					{"loc": [110, 10], "size": [31, 31], "texture": "1f418"}, 
					{"loc": [48.98189709048408, 87.74917034504921], "size": [11, 11], "texture": "1f34e"}, 
					{"loc": [80, 40], "size": [31, 31], "texture": "1f418"}, 
					{"loc": [90, 20], "size": [31, 31], "texture": "1f418"}, 
					{"loc": [50, 40], "size": [31, 31], "texture": "1f418"}, 
					{"loc": [34.49094854524204, 83.8745851725246], "size": [11, 11], "texture": "1f34e"}, 
					{"loc": [20, 80], "size": [31, 31], "texture": "1f46e"}, 
					{"loc": [50, 10], "size": [31, 31], "texture": "1f418"}, 
					{"loc": [20, 80], "size": [11, 11], "texture": "1f34e"}, 
					{"loc": [130, 80], "size": [31, 31], "texture": "1f418"}, 
					{"loc": [30, 0], "size": [31, 31], "texture": "1f418"}, 
					{"loc": [0, 0], "size": [31, 31], "texture": "1f418"}, 
					{"loc": [60, 165], "size": [31, 31], "texture": "1f472"}, 
					{"loc": [60, 300], "size": [51, 51], "texture": "1f5ff"}, 
					{"loc": [92.4547427262102, 99.37292586262302], "size": [11, 11], "texture": "1f34e"}, 
					{"loc": [300, 165], "size": [31, 31], "texture": "1f472"}, 
					{"loc": [200, 200], "size": [51, 51], "texture": "1f5ff"}, 
					{"loc": [130, 50], "size": [31, 31], "texture": "1f418"}], 

					"money": 4412, "status": "ongoing", "num_allowed_remaining": 30}, 

{"formations": [	{"loc": [92.4547427262102, 99.37292586262302], "size": [11, 11], "texture": "1f34e"}, 
					{"loc": [130, 50], "size": [31, 31], "texture": "1f418"}, 
					{"loc": [77.96379418096816, 95.49834069009842], "size": [11, 11], "texture": "1f34e"}, 
					{"loc": [130, 20], "size": [31, 31], "texture": "1f418"}, 
					{"loc": [63.472845635726124, 91.62375551757381], "size": [11, 11], "texture": "1f34e"}, 
					{"loc": [90, 20], "size": [31, 31], "texture": "1f418"}, 
					{"loc": [110, 10], "size": [31, 31], "texture": "1f418"}, 
					{"loc": [80, 40], "size": [31, 31], "texture": "1f418"}, 
					{"loc": [48.98189709048408, 87.74917034504921], "size": [11, 11], "texture": "1f34e"}, 
					{"loc": [20, 80], "size": [31, 31], "texture": "1f46e"}, 
					{"loc": [50, 40], "size": [31, 31], "texture": "1f418"}, 
					{"loc": [34.49094854524204, 83.8745851725246], "size": [11, 11], "texture": "1f34e"}, 
					{"loc": [50, 10], "size": [31, 31], "texture": "1f418"}, 
					{"loc": [20, 80], "size": [11, 11], "texture": "1f34e"}, 
					{"loc": [30, 0], "size": [31, 31], "texture": "1f418"}, 
					{"loc": [60, 165], "size": [31, 31], "texture": "1f472"}, 
					{"loc": [0, 0], "size": [31, 31], "texture": "1f418"}, 
					{"loc": [60, 300], "size": [51, 51], "texture": "1f5ff"}, 
					{"loc": [300, 165], "size": [31, 31], "texture": "1f472"}, 
					{"loc": [200, 200], "size": [51, 51], "texture": "1f5ff"}, 
					{"loc": [130, 80], "size": [31, 31], "texture": "1f418"}], 

					"money": 4413, "status": "ongoing", "num_allowed_remaining": 30}, 

{"formations": [	{"loc": [130, 80], "size": [31, 31], "texture": "1f418"}, 
					{"loc": [92.4547427262102, 99.37292586262302], "size": [11, 11], "texture": "1f34e"}, 
					{"loc": [130, 50], "size": [31, 31], "texture": "1f418"}, 
					{"loc": [77.96379418096816, 95.49834069009842], "size": [11, 11], "texture": "1f34e"}, 
					{"loc": [110, 10], "size": [31, 31], "texture": "1f418"}, 
					{"loc": [130, 20], "size": [31, 31], "texture": "1f418"}, 
					{"loc": [90, 20], "size": [31, 31], "texture": "1f418"}, 
					{"loc": [63.472845635726124, 91.62375551757381], "size": [11, 11], "texture": "1f34e"}, 
					{"loc": [20, 80], "size": [31, 31], "texture": "1f46e"}, 
					{"loc": [80, 40], "size": [31, 31], "texture": "1f418"}, 
					{"loc": [48.98189709048408, 87.74917034504921], "size": [11, 11], "texture": "1f34e"}, 
					{"loc": [20, 80], "size": [11, 11], "texture": "1f34e"}, 
					{"loc": [50, 40], "size": [31, 31], "texture": "1f418"}, 
					{"loc": [34.49094854524204, 83.8745851725246], "size": [11, 11], "texture": "1f34e"}, 
					{"loc": [50, 10], "size": [31, 31], "texture": "1f418"}, 
					{"loc": [60, 165], "size": [31, 31], "texture": "1f472"}, 
					{"loc": [30, 0], "size": [31, 31], "texture": "1f418"}, 
					{"loc": [60, 300], "size": [51, 51], "texture": "1f5ff"}, 
					{"loc": [0, 0], "size": [31, 31], "texture": "1f418"}, 
					{"loc": [300, 165], "size": [31, 31], "texture": "1f472"}, 
					{"loc": [200, 200], "size": [51, 51], "texture": "1f5ff"}], 

					"money": 4414, "status": "ongoing", "num_allowed_remaining": 30}, 

{"formations": [	{"loc": [0, 0], "size": [31, 31], "texture": "1f418"}, 
					{"loc": [130, 80], "size": [31, 31], "texture": "1f418"}, 
					{"loc": [92.4547427262102, 99.37292586262302], "size": [11, 11], "texture": "1f34e"}, 
					{"loc": [130, 20], "size": [31, 31], "texture": "1f418"}, 
					{"loc": [130, 50], "size": [31, 31], "texture": "1f418"}, 
					{"loc": [110, 10], "size": [31, 31], "texture": "1f418"}, 
					{"loc": [77.96379418096816, 95.49834069009842], "size": [11, 11], "texture": "1f34e"}, 
					{"loc": [20, 80], "size": [31, 31], "texture": "1f46e"}, 
					{"loc": [90, 20], "size": [31, 31], "texture": "1f418"}, 
					{"loc": [63.472845635726124, 91.62375551757381], "size": [11, 11], "texture": "1f34e"}, 
					{"loc": [34.49094854524204, 83.8745851725246], "size": [11, 11], "texture": "1f34e"}, 
					{"loc": [80, 40], "size": [31, 31], "texture": "1f418"}, 
					{"loc": [48.98189709048408, 87.74917034504921], "size": [11, 11], "texture": "1f34e"}, 
					{"loc": [50, 40], "size": [31, 31], "texture": "1f418"}, 
					{"loc": [60, 165], "size": [31, 31], "texture": "1f472"}, 
					{"loc": [50, 10], "size": [31, 31], "texture": "1f418"}, 
					{"loc": [60, 300], "size": [51, 51], "texture": "1f5ff"}, 
					{"loc": [30, 0], "size": [31, 31], "texture": "1f418"}, 
					{"loc": [300, 165], "size": [31, 31], "texture": "1f472"}, 
					{"loc": [200, 200], "size": [51, 51], "texture": "1f5ff"}, 
					{"loc": [20, 80], "size": [11, 11], "texture": "1f34e"}], 

					"money": 4415, "status": "ongoing", "num_allowed_remaining": 30}, 

{"formations": [	{"loc": [30, 0], "size": [31, 31], "texture": "1f418"}, 
					{"loc": [20, 80], "size": [11, 11], "texture": "1f34e"}, 
					{"loc": [0, 0], "size": [31, 31], "texture": "1f418"}, 
					{"loc": [130, 50], "size": [31, 31], "texture": "1f418"}, 
					{"loc": [130, 80], "size": [31, 31], "texture": "1f418"}, 
					{"loc": [130, 20], "size": [31, 31], "texture": "1f418"}, 
					{"loc": [92.4547427262102, 99.37292586262302], "size": [11, 11], "texture": "1f34e"}, 
					{"loc": [20, 80], "size": [31, 31], "texture": "1f46e"}, 
					{"loc": [110, 10], "size": [31, 31], "texture": "1f418"}, 
					{"loc": [77.96379418096816, 95.49834069009842], "size": [11, 11], "texture": "1f34e"}, 
					{"loc": [48.98189709048408, 87.74917034504921], "size": [11, 11], "texture": "1f34e"}, 
					{"loc": [90, 20], "size": [31, 31], "texture": "1f418"}, 
					{"loc": [63.472845635726124, 91.62375551757381], "size": [11, 11], "texture": "1f34e"}, 
					{"loc": [80, 40], "size": [31, 31], "texture": "1f418"}, 
					{"loc": [60, 165], "size": [31, 31], "texture": "1f472"}, 
					{"loc": [50, 40], "size": [31, 31], "texture": "1f418"}, 
					{"loc": [60, 300], "size": [51, 51], "texture": "1f5ff"}, 
					{"loc": [50, 10], "size": [31, 31], "texture": "1f418"}, 
					{"loc": [300, 165], "size": [31, 31], "texture": "1f472"}, 
					{"loc": [200, 200], "size": [51, 51], "texture": "1f5ff"}, 
					{"loc": [34.49094854524204, 83.8745851725246], "size": [11, 11], "texture": "1f34e"}], 

					"money": 4416, "status": "ongoing", "num_allowed_remaining": 30}, 

{"formations": [	{"loc": [50, 10], "size": [31, 31], "texture": "1f418"}, 
					{"loc": [34.49094854524204, 83.8745851725246], "size": [11, 11], "texture": "1f34e"}, 
					{"loc": [30, 0], "size": [31, 31], "texture": "1f418"}, 
					{"loc": [20, 80], "size": [11, 11], "texture": "1f34e"}, 
					{"loc": [0, 0], "size": [31, 31], "texture": "1f418"}, 
					{"loc": [130, 80], "size": [31, 31], "texture": "1f418"}, 
					{"loc": [130, 50], "size": [31, 31], "texture": "1f418"}, 
					{"loc": [20, 80], "size": [31, 31], "texture": "1f46e"}, 
					{"loc": [130, 20], "size": [31, 31], "texture": "1f418"}, 
					{"loc": [92.4547427262102, 99.37292586262302], "size": [11, 11], "texture": "1f34e"}, 
					{"loc": [63.472845635726124, 91.62375551757381], "size": [11, 11], "texture": "1f34e"}, 
					{"loc": [110, 10], "size": [31, 31], "texture": "1f418"}, 
					{"loc": [77.96379418096816, 95.49834069009842], "size": [11, 11], "texture": "1f34e"}, 
					{"loc": [90, 20], "size": [31, 31], "texture": "1f418"}, 
					{"loc": [60, 165], "size": [31, 31], "texture": "1f472"}, 
					{"loc": [80, 40], "size": [31, 31], "texture": "1f418"}, 
					{"loc": [60, 300], "size": [51, 51], "texture": "1f5ff"}, 
					{"loc": [50, 40], "size": [31, 31], "texture": "1f418"}, 
					{"loc": [300, 165], "size": [31, 31], "texture": "1f472"}, 
					{"loc": [200, 200], "size": [51, 51], "texture": "1f5ff"}, 
					{"loc": [48.98189709048408, 87.74917034504921], "size": [11, 11], "texture": "1f34e"}], 

					"money": 4417, "status": "ongoing", "num_allowed_remaining": 30}, 

{"formations": [	{"loc": [50, 40], "size": [31, 31], "texture": "1f418"}, 
					{"loc": [48.98189709048408, 87.74917034504921], "size": [11, 11], "texture": "1f34e"}, 
					{"loc": [50, 10], "size": [31, 31], "texture": "1f418"}, 
					{"loc": [34.49094854524204, 83.8745851725246], "size": [11, 11], "texture": "1f34e"}, 
					{"loc": [30, 0], "size": [31, 31], "texture": "1f418"}, 
					{"loc": [20, 80], "size": [11, 11], "texture": "1f34e"}, 
					{"loc": [130, 80], "size": [31, 31], "texture": "1f418"}, 
					{"loc": [0, 0], "size": [31, 31], "texture": "1f418"}, 
					{"loc": [20, 80], "size": [31, 31], "texture": "1f46e"}, 
					{"loc": [130, 50], "size": [31, 31], "texture": "1f418"}, 
					{"loc": [77.96379418096816, 95.49834069009842], "size": [11, 11], "texture": "1f34e"}, 
					{"loc": [130, 20], "size": [31, 31], "texture": "1f418"}, 
					{"loc": [92.4547427262102, 99.37292586262302], "size": [11, 11], "texture": "1f34e"}, 
					{"loc": [110, 10], "size": [31, 31], "texture": "1f418"}, 
					{"loc": [60, 165], "size": [31, 31], "texture": "1f472"}, 
					{"loc": [90, 20], "size": [31, 31], "texture": "1f418"}, 
					{"loc": [60, 300], "size": [51, 51], "texture": "1f5ff"}, 
					{"loc": [80, 40], "size": [31, 31], "texture": "1f418"}, 
					{"loc": [300, 165], "size": [31, 31], "texture": "1f472"}, 
					{"loc": [200, 200], "size": [51, 51], "texture": "1f5ff"}, 
					{"loc": [63.472845635726124, 91.62375551757381], "size": [11, 11], "texture": "1f34e"}], 

					"money": 4418, "status": "ongoing", "num_allowed_remaining": 30}, 

{"formations": [	{"loc": [80, 40], "size": [31, 31], "texture": "1f418"}, 
					{"loc": [63.472845635726124, 91.62375551757381], "size": [11, 11], "texture": "1f34e"}, 
					{"loc": [50, 40], "size": [31, 31], "texture": "1f418"}, 
					{"loc": [48.98189709048408, 87.74917034504921], "size": [11, 11], "texture": "1f34e"}, 
					{"loc": [50, 10], "size": [31, 31], "texture": "1f418"}, 
					{"loc": [20, 80], "size": [11, 11], "texture": "1f34e"}, 
					{"loc": [34.49094854524204, 83.8745851725246], "size": [11, 11], "texture": "1f34e"}, 
					{"loc": [30, 0], "size": [31, 31], "texture": "1f418"}, 
					{"loc": [20, 80], "size": [31, 31], "texture": "1f46e"}, 
					{"loc": [130, 80], "size": [31, 31], "texture": "1f418"}, 
					{"loc": [0, 0], "size": [31, 31], "texture": "1f418"}, 
					{"loc": [92.4547427262102, 99.37292586262302], "size": [11, 11], "texture": "1f34e"}, 
					{"loc": [130, 50], "size": [31, 31], "texture": "1f418"}, 
					{"loc": [130, 20], "size": [31, 31], "texture": "1f418"}, 
					{"loc": [60, 165], "size": [31, 31], "texture": "1f472"}, 
					{"loc": [110, 10], "size": [31, 31], "texture": "1f418"}, 
					{"loc": [60, 300], "size": [51, 51], "texture": "1f5ff"}, 
					{"loc": [90, 20], "size": [31, 31], "texture": "1f418"}, 
					{"loc": [300, 165], "size": [31, 31], "texture": "1f472"}, 
					{"loc": [200, 200], "size": [51, 51], "texture": "1f5ff"}, 
